168.15
119.60
197.02
150.36
197.00
167.81
170.49
169.36
183.28
108.67
137.83
191.03
128.91
186.53
134.59
133.03
175.59
138.42
138.71
161.27
132.96
100.03
157.06
166.58
160.65
163.05
183.34
137.64
140.10
120.81
171.88
158.77
108.55
173.08
159.08
108.68
191.28
147.40
130.45
187.34
160.90
134.59
174.49
152.12
172.47
128.69
187.15
101.29
172.26
108.37
190.39
103.61
154.01
195.63
106.54
135.57
142.03
180.33
186.87
154.96
112.74
104.62
126.83
108.53
127.76
159.99
113.26
144.66
140.52
161.51
139.59
177.55
155.91
128.66
193.65
128.68
167.56
120.52
170.24
153.19
171.19
143.82
184.88
144.33
154.09
177.13
169.26
197.28
190.24
131.58
109.56
105.24
129.01
199.17
148.75
155.42
150.98
123.62
111.23
190.10
